// Body pesawat 12
1 0.2 0
1 -0.2 0
0.9 -0.25 0
0.6 -0.3 0
-0.8 -0.35 0
-0.9 -0.25 0
1 0.2 -0.2
1 -0.2 -0.2
0.9 -0.25 -0.2
0.6 -0.3 -0.2
-0.8 -0.35 -0.2
-0.9 -0.25 -0.2
// Sayap bawah 8
0.6 -0.3 0
0.3 -0.31 0
0.3 -0.31 1
0.6 -0.3 1
0.6 -0.3 -0.2
0.3 -0.31 -0.2
0.3 -0.31 -1.2
0.6 -0.3 -1.2
// Ketebalan sayap bawah 8
0.6 -0.27 0
0.3 -0.29 0
0.3 -0.31 1
0.6 -0.3 1
0.6 -0.27 -0.2
0.3 -0.29 -0.2
0.3 -0.31 -1.2
0.6 -0.3 -1.2
// Sayap atas 8
0.6 -0.3 0
0.3 -0.29 0
0.3 -0.29 1
0.6 -0.3 1
0.6 -0.3 -0.2
0.3 -0.29 -0.2
0.3 -0.29 -1.2
0.6 -0.3 -1.2
// Ketebalan sayap atas 8
0.6 -0.33 0
0.3 -0.29 0
0.3 -0.29 1
0.6 -0.3 1
0.6 -0.33 -0.2
0.3 -0.29 -0.2
0.3 -0.29 -1.2
0.6 -0.3 -1.2

